-0.053756	-0.060607	-0.06975	-0.08212	-0.088786	-0.070866	-0.036864	-0.012825	-0.0020011	0.0031244	0.0069084	0.010353	0.012924	0.013525	0.010955	0.0037733	-0.011609	-0.044583	-0.090312	-0.09456	-0.056973	-0.03104	-0.020816	-0.016219	-0.013356
-0.058244	-0.06523	-0.075345	-0.096579	-0.11669	-0.081705	-0.018249	0.0070133	0.0080073	0.0068695	0.0082656	0.011262	0.013691	0.012898	0.0061723	-0.0093137	-0.038686	-0.091337	-0.15413	-0.15992	-0.10833	-0.065618	-0.043761	-0.032084	-0.024727
-0.063141	-0.068014	-0.068176	-0.067586	-0.05394	0.011739	0.061779	0.042517	0.016847	0.0074838	0.0078813	0.012651	0.017675	0.018248	0.0098661	-0.0097189	-0.040709	-0.081434	-0.11892	-0.12662	-0.10424	-0.077527	-0.057815	-0.044158	-0.034236
-0.071545	-0.076784	-0.061134	-0.010258	0.074204	0.12868	0.098288	0.037724	0.0062338	-0.00086844	0.0032881	0.013606	0.026077	0.033015	0.02515	0.0012676	-0.031272	-0.064498	-0.090139	-0.099987	-0.094079	-0.080488	-0.065852	-0.052686	-0.041516
-0.086066	-0.10528	-0.088386	-0.028609	0.026329	0.0033485	-0.041887	-0.039244	-0.027448	-0.01898	-0.0073704	0.011634	0.039069	0.063041	0.056975	0.020294	-0.021095	-0.054435	-0.077609	-0.089571	-0.090699	-0.08369	-0.07214	-0.059152	-0.046816
-0.095379	-0.1455	-0.13814	-0.078342	-0.054506	-0.092065	-0.11297	-0.084115	-0.056641	-0.040873	-0.02562	-0.00080978	0.045074	0.099698	0.096081	0.033831	-0.020584	-0.05438	-0.076557	-0.090459	-0.095576	-0.091327	-0.079685	-0.064783	-0.050283
-0.049224	-0.087581	-0.087484	-0.054059	-0.048873	-0.072676	-0.088658	-0.083155	-0.072271	-0.062964	-0.052629	-0.036303	-0.0042797	0.038537	0.037808	-0.0069347	-0.042349	-0.064504	-0.08318	-0.10012	-0.11034	-0.10679	-0.090344	-0.069645	-0.051288
0.053064	0.095104	0.092716	0.042756	-0.0033364	-0.038329	-0.063596	-0.078148	-0.084826	-0.086058	-0.084622	-0.087423	-0.10757	-0.14277	-0.14015	-0.10019	-0.077202	-0.076581	-0.090407	-0.11553	-0.13932	-0.13556	-0.10425	-0.071246	-0.047761
0.1006	0.15828	0.15681	0.093482	0.032905	-0.012111	-0.049128	-0.0803	-0.10283	-0.11253	-0.11361	-0.12106	-0.15246	-0.19811	-0.19176	-0.1334	-0.089991	-0.075509	-0.084743	-0.122	-0.17247	-0.16847	-0.10938	-0.061333	-0.036087
0.092021	0.12439	0.12679	0.095377	0.052242	0.0073817	-0.039733	-0.09018	-0.13414	-0.14846	-0.13651	-0.12801	-0.13624	-0.14935	-0.1394	-0.10527	-0.072542	-0.05328	-0.049769	-0.068863	-0.10412	-0.10041	-0.056905	-0.026784	-0.01387
0.074678	0.096708	0.1071	0.099087	0.07171	0.02896	-0.025335	-0.096317	-0.17175	-0.18733	-0.14549	-0.11425	-0.10469	-0.10041	-0.087957	-0.06542	-0.039986	-0.016557	0.0075027	0.043465	0.0889	0.091497	0.052112	0.024848	0.013965
0.057638	0.080221	0.10526	0.12149	0.1056	0.05948	0.0065832	-0.051745	-0.11316	-0.12743	-0.096889	-0.076067	-0.068185	-0.060636	-0.047217	-0.027437	-0.0041374	0.021173	0.05304	0.10307	0.16094	0.1616	0.10578	0.060187	0.036782
0.036634	0.059841	0.1023	0.15244	0.14564	0.084836	0.04172	0.039075	0.062253	0.051622	0.0049046	-0.024733	-0.032592	-0.027677	-0.013481	0.0072768	0.030728	0.054044	0.078707	0.10816	0.134	0.132	0.1026	0.071487	0.049588
0.0076819	0.018606	0.045321	0.084397	0.08386	0.047059	0.034594	0.062139	0.10829	0.1033	0.046619	0.0050441	-0.0086033	-0.0040171	0.013383	0.039407	0.06659	0.086257	0.097643	0.10616	0.11125	0.10628	0.09068	0.071598	0.054721
-0.025643	-0.038189	-0.06703	-0.10752	-0.10486	-0.05698	-0.014278	0.021261	0.049734	0.050698	0.026712	0.0051158	-0.0016154	0.007006	0.030909	0.069507	0.11045	0.12696	0.11765	0.1058	0.098733	0.091651	0.081339	0.068681	0.055886
-0.053807	-0.07875	-0.12446	-0.17869	-0.17484	-0.11258	-0.05802	-0.024215	-0.0051095	-0.00053867	-0.0060753	-0.011576	-0.009762	0.0029699	0.031874	0.086855	0.15524	0.16985	0.12949	0.098661	0.08685	0.081064	0.074506	0.065714	0.055559
-0.072814	-0.09675	-0.12681	-0.15183	-0.14711	-0.11408	-0.079898	-0.057107	-0.045505	-0.041587	-0.040073	-0.036341	-0.028551	-0.015935	0.0049748	0.044195	0.097649	0.11149	0.085071	0.07071	0.070491	0.072105	0.070266	0.064154	0.055183
-0.086035	-0.10685	-0.12395	-0.13133	-0.1242	-0.1063	-0.088413	-0.078528	-0.077814	-0.080342	-0.076901	-0.065368	-0.051768	-0.041789	-0.0401	-0.055917	-0.084136	-0.070443	-0.014717	0.028686	0.053707	0.067275	0.070674	0.065523	0.055589
-0.098256	-0.12034	-0.13043	-0.12583	-0.11234	-0.097383	-0.087751	-0.089533	-0.10567	-0.12535	-0.12231	-0.095726	-0.07097	-0.060397	-0.067797	-0.10051	-0.14419	-0.13081	-0.059217	0.004664	0.047144	0.07287	0.080106	0.07161	0.056753
-0.1119	-0.146	-0.15206	-0.12892	-0.10178	-0.083066	-0.075395	-0.083987	-0.11941	-0.16959	-0.16788	-0.11405	-0.074593	-0.062379	-0.068565	-0.087672	-0.10527	-0.093399	-0.049722	0.0030124	0.055119	0.096903	0.10553	0.083012	0.056321
-0.11638	-0.1762	-0.17956	-0.12587	-0.081277	-0.058322	-0.048175	-0.049788	-0.071765	-0.10961	-0.10955	-0.071545	-0.049358	-0.047274	-0.054951	-0.066049	-0.072345	-0.064192	-0.038831	0.001988	0.062956	0.13046	0.13854	0.088064	0.046161
-0.063711	-0.10674	-0.10809	-0.067274	-0.037513	-0.022449	-0.010962	0.0045126	0.034902	0.07617	0.074552	0.029932	-0.0040998	-0.023366	-0.037373	-0.048306	-0.054169	-0.052145	-0.041167	-0.020147	0.017962	0.06738	0.073984	0.037906	0.013113
0.044588	0.084784	0.08494	0.045548	0.02089	0.016064	0.02317	0.04392	0.087488	0.14112	0.13793	0.07766	0.026584	-0.0032538	-0.022225	-0.035471	-0.044297	-0.049241	-0.052259	-0.058965	-0.08131	-0.11652	-0.11159	-0.066723	-0.035498
0.096519	0.15263	0.15381	0.10051	0.059745	0.044409	0.045283	0.05879	0.083467	0.10681	0.10234	0.069628	0.034256	0.0073584	-0.012212	-0.026946	-0.038558	-0.048801	-0.060948	-0.082156	-0.12442	-0.17675	-0.17335	-0.11451	-0.066678
0.090796	0.11934	0.12108	0.096375	0.071453	0.058007	0.055309	0.060717	0.070421	0.076946	0.071568	0.053843	0.031506	0.010692	-0.0068581	-0.021542	-0.034419	-0.047046	-0.061869	-0.082419	-0.1108	-0.13656	-0.13442	-0.10466	-0.073156
