76 5 42 4
93 5 55 4
21 60 38 5
78 53 41 5
39 23 6 5
40 31 75 5
56 87 53 5
85 44 59 5
49 72 13 5
95 5 74 4
24 63 4 4
87 58 43 5
47 65 77 5
15 6 4 4
69 41 74 4
59 40 35 4
65 34 16 5
84 89 63 5
67 45 58 4
52 31 50 5
56 5 22 4
35 67 66 5
7 32 9 5
23 41 8 4
87 61 32 4
54 25 16 5
85 37 11 4
33 18 56 4
79 26 59 5
74 14 32 5
83 57 26 5
71 85 28 4
92 76 39 5
54 14 41 4
23 5 67 5
65 48 6 4
60 64 2 5
79 87 26 4
73 48 45 4
80 6 16 5
75 31 4 4
12 60 37 4
26 26 21 5
55 36 37 5
40 83 55 5
52 48 43 4
32 53 58 4
83 75 8 5
40 82 48 4
11 51 18 5
69 27 64 4
65 62 0 5
81 69 13 4
57 7 33 4
38 56 50 4
79 88 68 5
9 47 44 4
94 39 26 5
53 50 56 4
32 93 18 4
73 37 68 5
37 50 55 4
88 64 0 4
35 94 57 5
18 44 18 5
10 57 61 5
73 69 11 5
46 75 5 5
13 24 0 5
82 64 44 5
8 20 36 4
70 30 25 4
23 33 67 5
14 28 70 5
57 87 14 4
72 29 71 4
94 5 64 4
73 6 45 5
10 77 42 4
88 88 58 4
