10 28 8 2
7 44 29 2
41 46 22 2
14 23 28 2
11 9 2 2
20 47 17 2
5 5 8 2
24 6 24 2
43 10 33 2
43 46 26 2
38 5 0 2
41 26 10 2
12 15 12 2
18 38 24 2
19 9 38 2
42 18 11 2
2 41 15 2
28 46 25 2
5 27 25 2
10 11 39 2
44 31 5 2
27 16 11 2
5 9 16 2
34 11 19 2
34 16 1 2
32 25 21 2
32 9 22 2
35 37 34 2
13 14 37 2
30 37 31 2
20 34 16 2
3 4 8 2
37 3 13 2
40 22 6 2
9 22 15 2
3 36 33 2
41 4 18 2
15 32 15 2
16 12 9 2
46 29 11 2
33 12 13 2
44 44 8 2
40 35 3 2
42 3 25 2
4 31 38 2
24 37 9 2
20 47 23 2
42 39 19 2
28 2 16 2
44 18 11 2
27 8 1 2
9 33 2 2
37 23 0 2
14 8 15 2
41 46 20 2
11 46 17 2
11 8 15 2
46 22 37 2
45 28 39 2
43 8 26 2
31 36 25 2
40 8 32 2
31 45 19 2
30 28 30 2
4 13 17 2
18 11 21 2
10 33 7 2
18 4 39 2
43 24 9 2
29 19 15 2
14 25 18 2
42 23 35 2
9 36 9 2
26 41 18 2
10 45 7 2
41 20 18 2
23 22 26 2
5 37 35 2
46 47 28 2
46 37 9 2
