18 128 28 4
193 53 43 4
168 38 112 4
97 124 1 4
90 21 96 4
155 130 116 5
17 172 4 5
7 18 118 4
128 103 68 4
10 77 46 5
108 168 25 5
185 75 75 5
176 48 62 4
72 146 49 4
116 17 26 4
11 161 51 5
166 146 30 5
81 86 90 4
97 93 61 4
109 173 100 4
141 73 11 5
173 20 15 4
129 124 37 4
85 156 42 4
79 165 25 4
142 186 44 5
146 78 94 4
74 43 83 4
113 4 92 4
39 99 71 5
153 92 13 5
192 159 107 4
174 72 1 5
193 10 35 5
58 14 77 4
175 184 51 4
11 142 52 5
93 66 55 4
78 102 4 4
173 47 42 5
170 169 104 4
126 55 87 4
192 181 41 4
9 42 49 5
114 24 77 4
73 90 60 4
158 148 22 5
147 180 21 5
149 189 81 4
95 159 6 5
123 97 98 4
15 123 21 5
115 152 74 5
174 56 81 5
57 42 37 4
112 64 119 4
175 62 116 4
145 68 94 4
174 54 76 5
136 83 50 5
70 79 25 4
97 145 9 4
183 173 98 4
147 72 67 5
103 110 111 4
17 12 74 4
77 157 3 4
16 54 117 5
15 124 113 5
194 62 117 5
162 169 91 4
26 103 96 5
154 81 50 4
100 131 45 5
118 135 106 4
131 85 103 5
161 45 119 4
130 192 94 5
176 51 102 4
172 158 96 5
145 117 112 4
99 95 7 5
183 106 91 5
89 132 26 4
127 173 25 5
29 63 9 4
8 35 58 4
136 152 95 4
70 173 78 4
176 54 99 4
142 195 100 4
143 62 45 5
89 86 8 5
94 69 69 4
188 151 80 5
112 96 20 4
95 16 45 4
190 75 116 5
37 145 118 5
51 37 96 5
11 128 86 4
32 132 20 5
78 55 12 5
187 106 58 4
176 189 70 5
80 127 115 5
81 95 86 5
34 124 14 5
33 78 115 4
8 86 108 5
171 170 14 5
139 16 52 4
63 90 50 5
49 97 50 4
91 186 25 4
195 116 13 4
85 103 31 5
76 56 116 5
177 164 86 5
16 145 107 4
55 80 78 4
189 160 14 5
54 180 33 5
143 94 86 5
78 185 88 4
175 79 86 5
173 92 67 5
138 149 104 4
58 143 89 5
97 22 119 5
131 43 49 4
142 50 5 4
98 119 17 5
132 100 81 5
23 14 114 5
134 165 64 5
148 78 93 4
20 59 15 4
84 124 88 5
146 80 39 4
22 91 111 5
42 168 59 4
147 186 103 5
94 53 27 4
191 74 62 4
91 183 92 4
39 14 8 5
188 186 118 5
87 100 20 5
77 50 119 5
185 111 109 5
187 155 51 5
36 134 45 4
140 19 38 5
102 76 101 5
190 96 70 4
137 152 72 4
105 189 19 4
140 56 45 5
85 150 94 5
90 73 50 5
74 59 39 5
172 104 21 5
148 15 100 5
183 66 75 5
71 171 16 5
189 107 24 4
110 10 11 4
164 97 45 4
67 133 62 5
131 92 99 4
138 61 75 5
31 51 35 4
189 71 23 5
106 162 117 4
92 191 37 4
55 38 74 5
181 175 90 5
31 37 26 5
122 73 118 5
41 131 38 5
180 60 95 4
33 128 113 4
125 102 66 4
113 110 24 4
176 25 7 4
99 133 51 4
141 180 12 4
170 144 7 5
29 31 65 4
93 107 1 4
193 21 8 5
98 156 96 4
74 9 74 4
163 10 22 5
119 40 39 4
173 125 65 4
184 171 22 4
7 16 89 5
165 134 37 5
