14 14 3 1
18 20 6 1
17 3 3 1
4 19 6 1
5 10 17 1
12 3 11 1
8 10 3 1
12 21 3 1
9 14 2 1
17 4 2 1
11 18 1 1
6 22 13 1
8 8 18 1
16 1 6 1
10 10 7 1
3 3 10 1
19 8 5 1
13 1 14 1
16 1 11 1
19 23 14 1
13 19 10 1
9 22 13 1
18 1 19 1
15 12 13 1
4 23 1 1
15 3 1 1
17 18 7 1
23 7 7 1
12 17 1 1
16 9 17 1
15 9 8 1
4 17 9 1
9 1 0 1
13 14 16 1
11 4 11 1
20 22 8 1
8 1 7 1
12 9 19 1
14 13 7 1
20 4 11 1
22 3 1 1
18 11 7 1
10 10 9 1
14 14 7 1
17 23 7 1
23 16 15 1
23 23 16 1
21 19 6 1
17 23 6 1
22 5 1 1
13 2 13 1
11 15 9 1
1 21 9 1
4 15 19 1
10 4 19 1
13 9 0 1
8 12 5 1
14 2 15 1
8 14 2 1
14 1 17 1
21 7 3 1
4 8 18 1
6 16 8 1
23 5 10 1
17 19 12 1
9 22 8 1
20 18 18 1
8 11 8 1
15 17 6 1
2 10 15 1
6 10 18 1
12 6 13 1
12 2 8 1
23 8 9 1
15 11 11 1
23 5 14 1
4 3 3 1
5 8 11 1
19 7 11 1
11 5 18 1
